21281 19423
2952 12781
14807 19961
11472 7956
13482 22901
22887 4164
6830 22887
4513 20108
24955 17655
2952 17655
19423 20108
20562 8879
2741 4511
12507 8727
21847 2952
19114 16654
6868 3283
22887 23293
11241 2741
6340 17807
24955 19961
14540 21012
12851 20108
12851 3372
21178 16654
12365 12851
15933 19645
15714 5065
7650 6222
14542 22793
6456 3820
18000 1293
5131 6456
18453 9656
10477 20780
20574 12710
2774 20250
15805 1023
3534 4639
20250 9249
3651 19463
13142 13096
10346 5078
8072 25289
339 20511
7023 13404
624 2654
3096 23967
24706 23674
6305 1116
1493 914
832 3387
2912 272
24765 12135
9025 21824
20316 14870
3386 25442
25359 9639
22369 6411
16976 5812
2980 6774
10041 12781
10041 7956
2980 22457
13056 10310
25006 4550
7204 25354
18286 3096
1014 25902
2404 14709
12406 18543
3858 23161
9572 5555
21798 3618
18585 13619
5695 14403
9017 20000
22903 23674
16594 4164
6264 4273
13364 12938
8072 6907
14870 7726
17286 17443
18540 14430
9572 2846
4673 10211
4241 19297
25439 6675
24330 12722
20774 13164
2741 9482
11148 3409
17414 14308
15695 21309
12654 9207
10791 6154
25396 2287
13060 3372
6830 950
